K1 = [1221.2270770	   0.0000000	479.5000000;	
         0.0000000	1221.2270770	269.5000000;	
         0.0000000	   0.0000000	  1.0000000];	
R1 = [1.0000000000	0.0000000000	0.0000000000;	
      0.0000000000	1.0000000000	0.0000000000;	
      0.0000000000	0.0000000000	1.0000000000];	
T1 = [0.0000000000	0.0000000000	0.0000000000]';	


K2 = [1221.2270770	0.0000000	479.5000000;	
      0.0000000	1221.2270770	269.5000000;
      0.0000000	0.0000000	1.0000000];	
R2 = [0.9999996335	0.0008239030	0.0002328896;	
      -0.0008238827	0.9999996568	-0.0000873523;	
      -0.0002329615	0.0000871604	0.9999999691];	
T2 = [-1.0543652340	0.0331049274	0.1215278621]';	


K3 = [1221.2270770	0.0000000	479.5000000;	
    0.0000000	1221.2270770	269.5000000;	
    0.0000000	0.0000000	1.0000000];	
R3 = [0.9999975979	0.0019555190	0.0009899857;	
    -0.0019550738	0.9999979874	-0.0004504099;	
    -0.0009908645	0.0004484733	0.9999994085];	
T3 = [-2.1749340190	0.0669574898	0.0331257801]';	


K4 = [1221.2270770	0.0000000	479.5000000;	
    0.0000000	1221.2270770	269.5000000;	
    0.0000000	0.0000000	1.0000000];	
R4 = [0.9999979521	0.0008588354	0.0018325390;	
    -0.0008574262	0.9999993362	-0.0007696360;	
    -0.0018331988	0.0007680632	0.9999980247];	
T4 = [-3.2682670464	0.0476771696	0.1722057556]';	


K5 = [1221.2270770	0.0000000	479.5000000;	
    0.0000000	1221.2270770	269.5000000;	
    0.0000000	0.0000000	1.0000000];	
R5 = [0.9999969136	0.0003604393	0.0024582397;	
    -0.0003573167	0.9999991290	-0.0012705751;	
    -0.0024586955	0.0012696928	0.9999961713];	
T5 = [-4.3753222466	0.0420169508	0.1947854925]';	


K6 = [1221.2270770	0.0000000	479.5000000;	
    0.0000000	1221.2270770	269.5000000;	
    0.0000000	0.0000000	1.0000000];	
R6 = [0.9999966263	0.0011253013	0.0023411614;	
    -0.0011204264	0.9999972038	-0.0020825360;	
    -0.0023434983	0.0020799059	0.9999950910];	
T6 = [-5.4710004632	0.0755447311	0.2433972188]';	


K7 = [1221.2270770	0.0000000	479.5000000;	
    0.0000000	1221.2270770	269.5000000;	
    0.0000000	0.0000000	1.0000000];	
R7 = [0.9999892992	0.0036708333	0.0028153878;	
    -0.0036632822	0.9999896921	-0.0026825516;	
    -0.0028252060	0.0026722094	0.9999924387];	
T7 = [-6.5817427832	0.1188083935	0.2220619945]';	


K8 = [1221.2270770	0.0000000	479.5000000;	
    0.0000000	1221.2270770	269.5000000;	
    0.0000000	0.0000000	1.0000000];	
R8 = [0.9999650836	0.0077513473	0.0031221971;	
    -0.0077426195	0.9999661113	-0.0027978593;	
    -0.0031437784	0.0027735876	0.9999912119];	
T8 = [-7.7130175546	0.1336063821	0.2364463462]';	


K9 = [1221.2270770	0.0000000	479.5000000;	
    0.0000000	1221.2270770	269.5000000;	
    0.0000000	0.0000000	1.0000000];	
R9 = [0.9999257603	0.0118004292	0.0030370802;	
    -0.0117926887	0.9999272019	-0.0025540976;	
    -0.0030669985	0.0025180926	0.9999921263];	
T9 = [-8.8353136351	0.1635604545	0.2301339007]';	


K10 = [1221.2270770	0.0000000	479.5000000;	
    0.0000000	1221.2270770	269.5000000;	
    0.0000000	0.0000000	1.0000000];	
R10 = [0.9998813487	0.0148994942	0.0039106989;	
    -0.0148907594	0.9998865876	-0.0022532664;	
    -0.0039438279	0.0021947658	0.9999898146];	
T10 = [-9.9909793759	0.2451742154	0.1650832670]';	


K = cat(3,K1,K2,K3,K4,K5,K6,K7,K8,K9,K10); % 3x3x10
R = cat(3,R1,R2,R3,R4,R5,R6,R7,R8,R9,R10); % 3x3x10
T = cat(2,T1,T2,T3,T4,T5,T6,T7,T8,T9,T10); % 3x10

save('camera_params','K','R','T');